[1571, 1577, 1567]
[1557, 1294, 1558, 1572, 1573, 1620, 1634, 1658, 1593, 2487, 1559, 1561, 1570, 1630, 1578, 1581, 1595, 1580, 1605, 1598]
[2471, 2463, 2448, 2462, 1266, 1287, 3033, 2430, 1270, 1284, 1257, 1271, 1253, 1260, 1256, 1763, 2436, 1759, 2491, 2432, 2434, 2437, 2440, 2452, 4869, 4872, 4870, 1644, 1669, 1637, 1662, 4942, 4944, 1673, 1768, 1762, 1736, 1746, 1744, 1655, 1623, 4873, 4876, 4880, 4888, 4895, 4898, 1626, 2489, 1278, 1275, 1258, 2461, 2466, 1590, 1594, 1583, 1728, 1672, 1606, 1613, 1621, 4886, 2474, 2481, 1718, 1743, 1635, 1725, 1585, 1628, 2450, 1651, 1661, 4902, 4908, 4912, 4913, 4914, 4915, 4917, 4919, 5819, 5820, 1277, 1268, 1241, 1248]
[1692, 1700, 1185, 1186, 1197, 1677, 2497, 1013, 973, 974, 1006, 966, 960, 956, 952, 950, 2444, 1061, 2435, 2460, 2459, 2442, 2445, 2458, 2468, 2451, 1048, 1038, 2467, 2476, 2482, 2486, 2472, 2047, 2040, 4339, 2093, 2043, 1685, 1695, 1704, 1730, 1727, 1731, 1681, 1732, 1729, 1683, 1642, 3802, 5835, 5836, 677, 1301, 1230, 1217, 1235, 1191, 1216, 2062, 2076, 2104, 2108, 1201, 1193, 2114, 705, 2101, 2068, 1210, 1208, 1202, 1196, 1195, 1190, 1192, 4966, 4967, 2099, 5893, 1212, 1213, 1207, 1262, 1276]
[1317, 1304, 2029, 2033, 2031, 1372, 1387, 1060, 964, 991, 975, 979, 990, 992, 3155, 3308, 3309, 3310, 1024, 3085, 3088, 3160, 3035, 963, 3016, 3029, 3038, 3152, 3021, 3105, 3095, 967, 998, 957, 969, 1002, 1001, 3147, 3149, 2995, 2928, 3032, 3030, 3020, 3023, 3013, 3022, 3031, 3025, 2046, 2036, 2042, 2058, 2041, 326, 2085, 2051, 346, 2035, 2045, 2063, 2034, 2037, 4947, 4950, 1781, 1778, 1643, 1689, 1684, 1693, 1702, 1697, 1737, 1773, 1771, 1754, 1758, 1786, 1761, 1650, 4952, 1779, 1767, 1330, 1286, 2049, 2066, 2080, 1302, 680, 345, 685, 1282, 1300, 1280, 1296, 1236, 2078, 2095, 688, 687, 5896, 1418, 5891, 1412, 2065, 1234, 1229, 1369, 1362, 1356, 1343, 1339, 1324, 5897, 1264, 1316, 1311, 2071, 2082, 2122, 2124, 2135, 1308, 2087, 1329, 1335, 1336, 1347]
[3150, 3156, 3202, 3203, 634, 639, 1309, 364, 384, 360, 359, 412, 396, 3068, 3180, 3173, 3182, 993, 2990, 3157, 3161, 2961, 2965, 3201, 3198, 3311, 3312, 1064, 3094, 3100, 3102, 3069, 3075, 3194, 3192, 3037, 1058, 3129, 3070, 3071, 3073, 3077, 3078, 3081, 3449, 2989, 2981, 3036, 3007, 2999, 2993, 2986, 3010, 3165, 397, 401, 3089, 3104, 3090, 3093, 2935, 2984, 3096, 3120, 3122, 3126, 3115, 3130, 3324, 3159, 3116, 3193, 3026, 3001, 3005, 3041, 3034, 2499, 2492, 405, 416, 429, 3106, 3109, 3113, 3039, 3017, 3146, 3133, 1055, 1059, 454, 459, 456, 420, 2969, 2975, 3111, 3450, 3451, 3015, 3011, 3232, 3233, 3230, 3241, 3237, 3227, 3223, 3219, 3217, 3214, 3213, 3212, 3211, 3208, 3204, 2112, 2121, 2077, 2092, 2103, 2110, 2084, 351, 2096, 337, 2144, 2113, 2094, 2056, 2059, 2067, 2075, 2061, 2090, 2120, 2126, 2140, 2128, 2137, 4341, 2138, 4342, 2129, 3372, 3383, 3367, 3438, 3361, 3163, 3168, 1998, 1979, 3349, 4679, 3344, 3343, 3181, 3341, 3432, 4624, 3428, 3342, 3340, 3339, 3348, 1295, 1688, 1680, 1288, 1604, 1611, 3739, 3746, 3770, 3793, 4343, 5830, 3750, 3752, 3742, 3740, 2079, 3730, 2146, 5831, 1395, 666, 1326, 1349, 258, 263, 1383, 1315, 5884, 1289, 1283, 304, 294, 276, 646, 651, 654, 658, 316, 324, 305, 291, 285, 1361, 1389, 1322, 1251, 1269, 1299, 2133, 671, 660, 656, 1385, 1380, 1359, 1346, 648, 289]
[293, 299, 1303, 1305, 1891, 372, 400, 399, 377, 387, 391, 406, 409, 452, 410, 417, 464, 468, 3164, 3151, 3330, 3179, 461, 4152, 4188, 4189, 4195, 4196, 4198, 4211, 4222, 4223, 3305, 3304, 3303, 3302, 4173, 4175, 4154, 4155, 4199, 4202, 4204, 4200, 4193, 4191, 4187, 4186, 4185, 4183, 4182, 4181, 3279, 3288, 3289, 3295, 3296, 3306, 4208, 4216, 3301, 3300, 3299, 3298, 3297, 3294, 3293, 3291, 3290, 3286, 3283, 3281, 3278, 3277, 3270, 3269, 3267, 3265, 3260, 3258, 3255, 3254, 3253, 3252, 3250, 3249, 3248, 3247, 3245, 3242, 3238, 3234, 3231, 3229, 402, 411, 414, 4156, 4159, 4162, 4164, 277, 284, 300, 245, 246, 241, 297, 303, 315, 336, 327, 2130, 2125, 283, 1956, 1957, 4698, 1967, 1837, 1882, 1871, 3693, 3694, 3695, 3729, 3725, 3733, 3696, 3700, 3703, 3714, 3699, 3702, 3698, 3719, 3728, 3735, 3771, 3780, 3786, 3796, 3791, 3724, 3727, 3743, 3751, 329, 251, 1297, 1267, 1340, 1345, 1338, 1360]
[1801, 1913, 373, 381, 374, 2762, 2749, 2768, 2775, 2739, 2743, 279, 4682, 1926, 1843, 1830, 1899, 1873, 1855, 1796, 1841, 1877, 1958, 1954, 1950, 1942, 1865, 1881, 4521, 4475]
[1797, 1914, 1944, 4469, 1868, 1878]
[1856]
