[1571, 1577, 1567]
[1557, 1294, 1572, 1573, 1620, 1634, 1658, 2487, 1559, 1561, 1578, 1595, 1580, 1605, 1598]
[2471, 2463, 2462, 1266, 1287, 2430, 1270, 1284, 1257, 1271, 1253, 1260, 1256, 1763, 2436, 1759, 2491, 2432, 2434, 2437, 2440, 2452, 4870, 1644, 1637, 1768, 1762, 1746, 1744, 1623, 4873, 4876, 4880, 4895, 4898, 1626, 2489, 1279, 1278, 1275, 1258, 2466, 1590, 1594, 1624, 1630, 1583, 1672, 1606, 1613, 1621, 4886, 1674, 1649, 2474, 2481, 1635, 1563, 1568, 1575, 1585, 1628, 2450, 1651, 1661, 1277, 1268, 1241, 1248]
[1186, 2497, 1013, 974, 1006, 2444, 1061, 2435, 2460, 2459, 2442, 2445, 2458, 2468, 2451, 1048, 1038, 2467, 2476, 2482, 2486, 2472, 2040, 2043, 4942, 4943, 1681, 1683, 4902, 4908, 4912, 4913, 4914, 4915, 4916, 4917, 4919, 5819, 5820, 3805, 4924, 4923, 4922, 4921, 4920, 4918, 1230, 1217, 1235, 1191, 1216, 2062, 2076, 2104, 2108, 1201, 1193, 2101, 2068, 1210, 1208, 1202, 1196, 1195, 1190, 1192, 4966, 4967, 2099, 5893, 1212, 1213, 1207, 1262, 1276]
[1312, 1317, 1303, 1305, 1307, 1304, 1675, 2029, 2033, 2031, 988, 1018, 1033, 1046, 2046, 2036, 2042, 2058, 2041, 326, 2085, 2051, 346, 2035, 2093, 2063, 2034, 2037, 1693, 1686, 1698, 1687, 1691, 1330, 1395, 1255, 1250, 1243, 2049, 2066, 1302, 680, 345, 685, 1300, 1280, 1296, 1236, 2078, 2095, 688, 687, 5896, 2065, 1194, 1224, 1321, 1356, 1343, 1339, 1324, 5897, 1316, 1311, 2071, 2082, 2116, 2122, 2124, 2135, 1308, 2087, 2097, 1336]
[634, 639, 1678, 1060, 964, 978, 984, 990, 992, 3155, 3308, 3309, 3310, 1024, 1025, 3085, 3088, 1045, 1064, 3076, 1057, 1058, 3035, 3449, 963, 3016, 3029, 3038, 3152, 3021, 3010, 3105, 3095, 3087, 1051, 1002, 3147, 3149, 2995, 3005, 2928, 3032, 3030, 3020, 3023, 3000, 3013, 3022, 1055, 1059, 3031, 3025, 3450, 3451, 2112, 2121, 2077, 2092, 2103, 2110, 2084, 351, 2096, 337, 2144, 2113, 2094, 2056, 2059, 2067, 2075, 2061, 2090, 2120, 2126, 2140, 2128, 2137, 4341, 2138, 4342, 2129, 1643, 1689, 1684, 1682, 1680, 3770, 3793, 4343, 5830, 3742, 3740, 2079, 3730, 2146, 5831, 666, 258, 263, 1383, 1399, 5884, 1289, 1283, 304, 294, 276, 646, 651, 654, 658, 316, 324, 305, 291, 285, 1231, 1251, 1269, 1299, 2133, 671, 660, 656, 1385, 1380, 1359, 1346, 1341, 1334, 648, 289]
[3150, 3202, 3203, 400, 412, 396, 3068, 3180, 3173, 987, 981, 2988, 2990, 3157, 3161, 3176, 2955, 2961, 2940, 2943, 2965, 2937, 3201, 3198, 3311, 3094, 3100, 3102, 3069, 3075, 3194, 3192, 3037, 3129, 3070, 3071, 3073, 3077, 3078, 3081, 2934, 2929, 2989, 2981, 3036, 3007, 2999, 2993, 3165, 397, 401, 3090, 3093, 2935, 2984, 3115, 3116, 3193, 3026, 3001, 3041, 2499, 2492, 2488, 405, 416, 429, 3106, 3109, 3113, 3039, 454, 459, 456, 420, 2969, 2975, 3111, 3015, 3011, 3232, 3233, 3230, 3241, 3237, 3227, 3223, 3219, 3217, 3214, 3213, 3212, 3211, 3208, 3204, 3256, 3272, 3274, 3279, 402, 411, 414, 277, 284, 297, 303, 315, 336, 327, 2130, 2125, 3372, 3383, 3367, 3361, 3349, 3344, 3340, 3339, 3348, 1604, 1611, 3695, 3736, 3794, 3802, 5835, 3699, 3698, 3780, 3786, 3724, 3727, 3743, 3751, 251]
[387, 391, 452, 410, 417, 464, 468, 3151, 971, 3330, 3179, 461, 3692, 3689, 3690, 3691, 235, 3861, 4188, 4189, 4195, 4196, 4198, 4211, 4222, 4223, 3305, 3304, 3303, 3302, 4175, 4155, 4199, 4202, 4204, 4200, 4193, 4191, 4187, 4186, 4185, 4183, 4182, 4181, 3296, 3306, 4208, 4216, 3301, 3300, 3299, 3298, 3297, 3294, 3293, 3291, 3290, 3286, 3283, 3281, 3278, 3277, 3270, 3269, 3267, 3265, 3260, 3258, 3255, 3254, 3253, 3252, 3250, 3249, 3248, 3247, 3245, 3242, 3238, 3234, 3231, 3229, 279, 3721, 323, 347, 3720, 319, 3718, 3725, 3745, 3728]
[373, 381, 2762, 2749, 2768, 2775, 2739, 2743, 213, 200, 210, 275, 282, 271, 268, 3706, 3711, 3705, 3707, 3710, 3712, 219, 3701, 3704, 229, 3697]
[3732, 3726, 3723]
[3734, 3731]
