[1571, 1577, 1567]
[1572, 1573, 1620, 1634, 1559, 1561, 1578, 1595, 1580, 1605, 1598]
[1629, 2491, 2432, 2437, 2440, 2452, 4870, 1768, 1762, 4876, 4878, 1658, 2494, 2487, 1665, 2489, 1590, 1594, 1624, 1630, 1583, 1672, 2475, 1606, 1613, 1621, 4886, 1674, 1649, 1635, 1563, 1568, 1575, 1585, 1628, 1651, 1661, 4871, 1654]
[2471, 2479, 2463, 2443, 2448, 2462, 2473, 2483, 2500, 2433, 2431, 2444, 2460, 2459, 2442, 2467, 2476, 2482, 2472, 1764, 1759, 4942, 4943, 4944, 1746, 4895, 4898, 2439, 2455, 1777, 2478, 2496, 2441, 2447, 2454, 2461, 2466, 1789, 1785, 1652, 2474, 2481, 1656, 2450]
[1036, 1022, 2940, 2446, 2456, 2465, 2957, 2950, 2457, 2935, 2453, 4902, 4908, 4912, 4913, 4914, 4915, 4916, 4917, 4919, 5819, 5820, 3805, 4924, 4923, 4922, 4921, 4920, 4918]
[2925, 2926, 2927, 2931, 2971, 2973, 2946, 2938, 2976, 1062, 1057, 1058, 2930, 2933, 2948, 3449, 3016, 3029, 988, 1018, 1033, 2932, 1046, 1049, 2928, 2499, 2492, 2488, 2485, 3023, 1055, 3031, 3025, 2486, 2936, 2941, 2952, 2958, 2962, 2498, 5835, 5836]
[1060, 984, 990, 992, 3155, 3308, 3309, 3310, 1024, 3160, 3162, 3038, 3152, 3021, 1002, 3147, 3149, 2995, 3097, 3118, 3121, 3125, 3041, 3132, 3034, 3017, 3117, 3108, 3032, 3030, 3020, 2998, 3158, 3154, 3000, 3013, 3022]
[3202, 3203, 412, 396, 3068, 3180, 3173, 2988, 2990, 3157, 3161, 3201, 3198, 3311, 3312, 3102, 3194, 3192, 3037, 3129, 3070, 3071, 3073, 2989, 2981, 3036, 3007, 2999, 2993, 3165, 397, 401, 2984, 3115, 3116, 3193, 3026, 3001, 405, 416, 429, 3133, 2969, 2975, 3111, 3015, 3232, 3233, 3230, 3241, 3237, 3227, 3223, 3219, 3217, 3214, 3213, 3212, 3211, 3208, 3204, 3256, 3272, 3274, 3372, 3383, 3367, 3349, 3340, 3339, 3348]
[3150, 3156, 387, 452, 410, 417, 464, 468, 3094, 3100, 3092, 3083, 3080, 3075, 3077, 3078, 3081, 3151, 3089, 3096, 3114, 3082, 3330, 3179, 461, 454, 459, 456, 420, 4188, 4189, 4195, 4196, 4198, 4211, 4222, 4223, 3305, 3304, 3303, 3302, 4175, 4199, 4202, 4204, 4200, 4193, 4191, 4187, 4186, 4185, 4183, 4182, 4181, 3296, 3306, 4208, 4216, 3301, 3300, 3299, 3298, 3297, 3294, 3293, 3291, 3290, 3286, 3283, 3281, 3278, 3277, 3270, 3269, 3267, 3265, 3260, 3258, 3255, 3254, 3253, 3252, 3250, 3249, 3248, 3247, 3245, 3242, 3238, 3234, 3231, 3368, 3370, 3363, 3380, 3371, 3373, 3365, 3366, 3375]
[381, 2762, 2749, 2768, 2775, 2739, 2743]
