[1571, 1577, 1567]
[1572, 1573, 1559, 1561, 1578, 1595, 1580, 1605, 1598]
[1629, 2491, 4870, 1637, 1623, 4876, 1620, 1634, 1626, 1658, 2489, 1590, 1594, 1624, 1630, 1583, 1606, 1613, 1621, 4886, 1674, 1649, 1563, 1568, 1575, 1585, 1628, 4871]
[2471, 2463, 2462, 2430, 1763, 2436, 1759, 2432, 2434, 2437, 2440, 2452, 4942, 4944, 1673, 1768, 1762, 1746, 1744, 4878, 4880, 4882, 4884, 4888, 4895, 4898, 2494, 2487, 1665, 1784, 1791, 2475, 1645, 1772, 1757, 1760, 1752, 2474, 1656, 1641, 1667]
[2444, 1061, 2460, 2459, 2442, 2458, 2468, 2451, 1048, 1038, 2467, 2476, 2482, 2472, 2478, 2466, 4917, 5819, 5820]
[2497, 1036, 1050, 1027, 1022, 2940, 2438, 2446, 2456, 2465, 2957, 2950, 2457, 1018, 2935, 2453, 2449, 4925, 3794, 3802, 5835, 5836, 3803, 4939, 4924, 4923, 4922, 4921, 4920, 4918]
[2925, 2926, 2927, 2931, 2971, 2973, 2946, 2938, 2976, 1062, 1057, 2930, 2933, 988, 998, 1033, 2932, 1001, 1046, 1049, 2928, 2499, 2492, 2488, 3023, 1055, 3031, 3025, 2486, 2936, 2941, 2952, 2958, 2962, 2498]
[1060, 3155, 3308, 3309, 3310, 1024, 3038, 3152, 3021, 3147, 3149, 2995, 3032, 3030, 3020, 2998, 3000, 3013, 3022]
[3150, 3156, 3331, 3333, 3180, 3173, 2990, 3157, 3161, 3176, 3079, 3085, 3088, 3177, 3311, 3312, 3072, 3076, 3035, 3016, 3029, 2981, 3036, 3007, 2999, 2993, 2986, 3010, 3105, 3095, 3087, 435, 3033, 3165, 3104, 2984, 3005, 3133, 2969, 2975, 3332, 3015, 3334, 3336, 3163, 3168]
[3202, 3203, 3201, 3198, 3094, 3100, 3102, 3075, 3070, 3071, 3073, 3077, 3078, 3081, 401, 3090, 3093, 3193, 405, 416, 429, 3106, 3109, 3113, 459, 456, 420, 3212, 3211, 3208, 3204, 3372, 3367, 3340, 3339]
[387, 392, 391, 452, 410, 417, 464, 468, 466, 3175, 3115, 3101, 3330, 3179, 461, 3382, 3381, 3373]
[378, 407, 2781, 374, 2762, 2749, 2768, 2812, 2775, 3148, 3145, 2745, 2736, 2739, 3131, 3135, 3137, 3139, 2743, 3368, 3370]
