[1571, 1577, 1567]
[1572, 1573, 1559, 1561, 1578, 1595, 1580, 1605, 1598]
[1629, 2491, 4870, 1623, 4876, 1620, 1634, 1626, 1658, 2489, 1590, 1594, 1624, 1630, 1583, 1613, 1621, 4886, 1674, 1649, 1563, 1568, 1575, 1585, 1628, 4871]
[2471, 2463, 2462, 2430, 1763, 2436, 1759, 2432, 2434, 2437, 2440, 2452, 4942, 4944, 1673, 1768, 1762, 1746, 1744, 4878, 4880, 4882, 4884, 4888, 4895, 4898, 2494, 2487, 1665, 1784, 1791, 2475, 1645, 1772, 1757, 1760, 1752, 2474, 1656, 1641, 1667]
[2444, 1061, 2460, 2459, 2442, 2458, 2468, 2451, 1048, 1038, 2467, 2476, 2482, 2472, 2478, 2466, 5819, 5820]
[2497, 1036, 1050, 1027, 1022, 2940, 2438, 2446, 2456, 2465, 2957, 2950, 2457, 2935, 2453, 2449, 3784, 3794, 3802, 5835, 5836, 3803]
[2925, 2926, 2927, 2971, 2973, 2946, 2976, 1062, 1057, 2930, 2933, 1049, 2928, 2499, 2492, 2488, 3023, 1055, 3031, 3025, 3776, 3773, 3785, 4908, 4912, 4913, 4914, 4922, 4921, 4920, 4918]
[2931, 1025, 3079, 3085, 3088, 2943, 2965, 2949, 2939, 1045, 1064, 3072, 3076, 3035, 3016, 3029, 2989, 2981, 3038, 3152, 3021, 2986, 3010, 3105, 3095, 3087, 435, 388, 408, 998, 2932, 3324, 3159, 2995, 3005, 3032, 3030, 3020, 2998, 3158, 3154, 3146, 3000, 3013, 3022, 1015, 2936, 2941, 2952, 2958, 2962, 2498, 4938, 4939]
[399, 409, 3094, 3100, 3102, 3092, 3083, 3080, 3078, 3104, 3090, 3093, 405, 416, 429, 3106, 3109, 3113, 181]
[466, 451, 3071, 3073, 3089, 3096, 3114, 425, 421, 413]
[3330, 461]
